201012 17204599 3785447
201101 46292998 11912074
201102 48303326 14236701
201103 56557550 16625567
201104 53670240 15671011
201105 54722895 17337058
201106 62671962 18487553
201107 67840211 21471739
201108 67970153 20769775
201109 66312254 18688658
201110 72322880 19318512
201111 70146475 18254414
201112 40097178 55927122
201201 67425321 37092050
201202 58865274 37802929
201203 67715479 36638572
201204 56791458 46518910
201205 62120366 47502464
201206 65999311 38551009
201207 67907001 42472855
201208 66299313 43165488
201209 60830989 39017222
201210 67644443 44867535
201211 65165886 45300576
201212 68161418 51620344
201301 65497219 52422847
201302 64599291 41275367
201303 81999795 32096120
201304 72140935 33250326
201305 77887494 32734262
201306 71712899 25504018
201307 72649231 33327678
201308 69950579 31308123
201309 62301151 28823114
201310 59497251 29795517
201311 51238277 31203303
201312 45728195 29795058
201401 45494130 32972775
201402 37715886 28997760
201403 39259985 31652378
201404 34699854 29978297
201405 35590280 10388568
201406 33696066 3075439
201407 30199522 3031847
201408 27820083 1644721
201409 26755770 1346418
201410 27678074 1434732
201411 26488668 1519678
201412 26640972 1380380
201501 27362136 3961589
201502 24610738 1102399
201503 28176697 3285244
201504 24515043 2506973
201505 24569072 1352316
201506 23507567 1862119
201507 21328276 1306327
201508 22042308 1435564
201509 23201920 1233089
201510 23204744 1189504
201511 24161490 2573795
201512 23057100 2603514
201601 23474399 2500238
201602 21520556 2468334
201603 23378312 2433343
201604 22035204 2306758
201605 23644787 2237761
201606 23367382 2143121
201607 20796360 2045468
201608 20230679 2058032
201609 19840202 1854617
201610 20013371 1848138
201611 20401911 1762053
201612 19924656 1609076
201701 20128037 1621998
201702 18662789 1396598
201703 23719936 2122117
201704 20261637 2116340
201705 21941546 2235566
201706 20783822 2172613
201707 20355053 2138949
201708 20742539 2314401
201709 19314471 1864389
201710 17502361 1161674
201711 17189851 1423116
201712 17281757 938547
201801 17230082 989834
201802 15542500 888434
201803 17183309 925405
201804 14500782 931583
201805 15491845 999526
